4567898768
3456786789
6789934567
3456789809
0593407037
0025341170
5295553587
5366952247
3226253586
5542239133
3379362313
2411642495
2899253333
5823871544
6825129797
9659981816
7925218985
7581473784
7347653539
8847437835
3726278617
4847461913
1428153616
1944616588
3874688294
7646286889
7424216637
3285749836
8135793919
3667585736
1155428768
7127794252
1319688416
1826187189
8728739118
4851458481
6442885331
2551223358
6832925818
6325753977
8267979426
6162346389
2846245751
1557326934
8192385524
5914287116
7855888674
5441225945
4546148445
9666861963
1997594994
4687819971
9743898978
3989995273
7262194429
2681753744
2657388966
2857479157
1891928416
5822123155
8534892171
7972788554
8125138532
4327314633
6725989953
6852353879
5149659883
4954683587
4253443165
9362925525
9683251934
9668985387
5627763675
8563873118
9621542526
8839412562
1768322293
8622831691
5853699685
7494751942
6544247167
7992924837
5844359235
2412341693
6111163339
6126995768
3458371354
1794427647
9373165545
9879947958
1472434511
2288914194
7669712858
9593846246
6265415576
9924511694
3736285139
7375296237
2325434534
4915567249
7634727647
1517697898
5266837414
7619433959
1369823182
7242254655
9362835458
2947464615
5739928862
1876517953
2864585552
8784131579
2461577861
6444548442
5342195534
6395127486
6936938887
4449724775
3388259738
8283817242
6957694262
3118958615
2872494878
5889142869
5389159333
4816626883
2927445591
8597196437
7827665671
5785659356
3938928281
5358336852
8341864798
7182664385
7732583976
3966798572
5812321184
5133245646
2577456457
3662148264
7869324446
2724482384
6392649964
2211752722
7757787611
1758764355
8921436361
9269441246
4448779284
5511533942
7639324882
1312135724
8781218467
2111115414
4532412445
4455435145
3234352235
1432423132
4415345355
3114334313
3124543121
4524344431
4215144354
4242114521
2335215313
1211155124